 1850 -0.702 -0.281 -0.732 -0.569 -0.326 -0.212 -0.128 -0.232 -0.435 -0.452 -0.189 -0.267 -0.374
 1850     22     20     19     19     18     21     22     22     24     23     24     25
 1851 -0.299 -0.358 -0.482 -0.444 -0.300 -0.188 -0.213 -0.152 -0.105 -0.060 -0.027 -0.064 -0.221
 1851     23     22     20     21     20     21     22     23     19     20     18     20
 1852 -0.307 -0.476 -0.505 -0.558 -0.207 -0.037 -0.015 -0.194 -0.124 -0.216 -0.186  0.085 -0.224
 1852     23     22     22     23     23     24     23     24     21     22     22     25
 1853 -0.174 -0.326 -0.313 -0.352 -0.267 -0.176 -0.057 -0.146 -0.405 -0.360 -0.257 -0.444 -0.269
 1853     25     26     26     24     25     27     26     29     28     29     26     27
 1854 -0.373 -0.288 -0.291 -0.348 -0.233 -0.216 -0.231 -0.169 -0.121 -0.191 -0.372 -0.235 -0.251
 1854     30     29     29     28     28     27     28     32     28     30     29     28
 1855 -0.176 -0.400 -0.303 -0.221 -0.337 -0.163 -0.269 -0.162 -0.343 -0.211 -0.217 -0.513 -0.273
 1855     29     30     27     28     29     28     30     30     27     25     25     23
 1856 -0.107 -0.369 -0.508 -0.378 -0.119 -0.289 -0.298 -0.305 -0.457 -0.392 -0.608 -0.445 -0.353
 1856     25     27     25     25     27     26     25     27     26     28     31     26
 1857 -0.506 -0.360 -0.430 -0.636 -0.565 -0.311 -0.538 -0.326 -0.394 -0.464 -0.666 -0.367 -0.460
 1857     26     26     26     24     26     24     27     28     26     26     25     24
 1858 -0.531 -0.709 -0.553 -0.516 -0.655 -0.579 -0.323 -0.281 -0.339 -0.204 -0.645 -0.304 -0.466
 1858     26     26     27     26     25     23     23     23     23     21     22     25
 1859 -0.311 -0.195 -0.336 -0.200 -0.312 -0.249 -0.283 -0.099 -0.574 -0.256 -0.324 -0.358 -0.287
 1859     23     23     22     20     21     19     22     22     20     20     19     22
 1860 -0.195 -0.431 -0.649 -0.345 -0.300 -0.308 -0.115 -0.193 -0.224 -0.197 -0.508 -0.753 -0.349
 1860     24     20     21     21     20     18     19     20     18     18     18     17
 1861 -0.900 -0.526 -0.468 -0.400 -0.768 -0.187 -0.212 -0.099 -0.335 -0.357 -0.426 -0.268 -0.413
 1861     17     16     14     13     12     13     14     15     15     16     16     16
 1862 -0.753 -0.785 -0.404 -0.247 -0.233 -0.341 -0.340 -0.699 -0.418 -0.426 -0.765 -0.894 -0.526
 1862     15     14     15     15     17     17     17     16     17     16     14     13
 1863  0.128 -0.029 -0.367 -0.241 -0.322 -0.403 -0.422 -0.316 -0.324 -0.385 -0.333 -0.348 -0.281
 1863     15     14     15     14     17     17     15     16     14     14     13     14
 1864 -0.938 -0.636 -0.502 -0.551 -0.454 -0.165 -0.150 -0.309 -0.448 -0.705 -0.472 -0.615 -0.494
 1864     15     16     15     15     14     17     16     17     14     15     16     16
 1865 -0.099 -0.611 -0.643 -0.229 -0.264 -0.279 -0.130 -0.208 -0.079 -0.265 -0.194 -0.342 -0.274
 1865     15     14     13     14     15     15     14     15     14     13     15     15
 1866  0.037 -0.215 -0.593 -0.264 -0.532  0.103  0.028 -0.269 -0.235 -0.425 -0.312 -0.340 -0.249
 1866     16     16     14     15     14     14     15     14     14     13     14     15
 1867 -0.320  0.009 -0.717 -0.258 -0.546 -0.294 -0.239 -0.232 -0.101 -0.185 -0.313 -0.637 -0.322
 1867     13     15     17     15     14     15     15     14     14     15     15     16
 1868 -0.703 -0.466 -0.076 -0.378 -0.073 -0.180  0.147 -0.034 -0.199 -0.236 -0.504 -0.124 -0.234
 1868     15     14     16     16     17     17     19     18     20     20     20     19
 1869 -0.266  0.268 -0.589 -0.230 -0.279 -0.375 -0.294 -0.078 -0.193 -0.428 -0.381 -0.359 -0.267
 1869     18     18     20     20     20     19     17     22     22     23     22     23
 1870 -0.083 -0.453 -0.405 -0.212 -0.167 -0.215  0.015 -0.261 -0.265 -0.401 -0.169 -0.725 -0.278
 1870     25     25     25     23     21     24     25     22     21     19     22     21
 1871 -0.532 -0.547  0.014 -0.145 -0.314 -0.222 -0.012 -0.221 -0.456 -0.482 -0.538 -0.563 -0.334
 1871     19     18     21     25     22     22     21     26     21     21     23     25
 1872 -0.308 -0.403 -0.475 -0.154 -0.045 -0.211 -0.117 -0.027 -0.131 -0.228 -0.249 -0.430 -0.230
 1872     26     23     22     24     25     25     23     25     25     25     24     28
 1873 -0.017 -0.344 -0.276 -0.523 -0.413 -0.259 -0.152 -0.163 -0.359 -0.405 -0.467 -0.276 -0.304
 1873     26     23     26     24     24     24     24     27     24     24     27     25
 1874  0.056 -0.440 -0.564 -0.513 -0.471 -0.462 -0.177 -0.371 -0.214 -0.435 -0.506 -0.408 -0.375
 1874     23     25     26     26     22     23     24     24     24     29     26     27
 1875 -0.578 -0.614 -0.599 -0.467 -0.176 -0.236 -0.305 -0.180 -0.272 -0.369 -0.499 -0.497 -0.397
 1875     26     26     28     26     26     27     28     27     24     25     26     26
 1876 -0.312 -0.269 -0.385 -0.299 -0.532 -0.284 -0.135 -0.244 -0.436 -0.387 -0.581 -0.713 -0.382
 1876     26     28     27     24     26     30     29     27     23     26     28     28
 1877 -0.327  0.058 -0.291 -0.325 -0.452 -0.092  0.012  0.148  0.029  0.058  0.101  0.174 -0.076
 1877     25     25     27     26     25     25     26     28     29     26     28     29
 1878  0.177  0.411  0.345  0.320 -0.082  0.017 -0.049 -0.025  0.012 -0.123 -0.204 -0.362  0.036
 1878     29     29     27     28     26     27     29     32     30     29     30     32
 1879 -0.197 -0.150 -0.097 -0.216 -0.213 -0.270 -0.232 -0.167 -0.216 -0.123 -0.388 -0.514 -0.232
 1879     29     32     34     32     35     36     34     36     33     32     32     33
 1880 -0.067 -0.174 -0.107 -0.151 -0.245 -0.312 -0.250 -0.115 -0.234 -0.386 -0.400 -0.294 -0.229
 1880     34     35     32     30     30     34     36     36     33     35     35     37
 1881 -0.360 -0.239 -0.190 -0.135 -0.034 -0.232 -0.152 -0.128 -0.247 -0.285 -0.340 -0.138 -0.207
 1881     35     36     36     36     33     34     36     39     37     37     39     38
 1882  0.117 -0.006 -0.054 -0.284 -0.374 -0.320 -0.185 -0.220 -0.159 -0.336 -0.312 -0.464 -0.214
 1882     38     38     38     40     37     37     40     38     39     37     36     36
 1883 -0.411 -0.325 -0.349 -0.393 -0.256 -0.125 -0.196 -0.211 -0.280 -0.382 -0.305 -0.328 -0.298
 1883     42     42     41     38     39     40     42     44     45     44     42     43
 1884 -0.416 -0.221 -0.462 -0.531 -0.396 -0.414 -0.425 -0.412 -0.345 -0.328 -0.565 -0.415 -0.411
 1884     41     43     40     43     47     47     46     46     47     48     46     46
 1885 -0.507 -0.411 -0.483 -0.472 -0.520 -0.488 -0.313 -0.510 -0.333 -0.246 -0.261 -0.153 -0.390
 1885     46     47     46     46     46     43     45     48     48     49     45     51
 1886 -0.398 -0.455 -0.411 -0.335 -0.191 -0.385 -0.284 -0.338 -0.432 -0.361 -0.421 -0.427 -0.368
 1886     48     49     51     46     45     49     49     51     46     49     46     48
 1887 -0.568 -0.556 -0.462 -0.440 -0.356 -0.409 -0.270 -0.368 -0.345 -0.506 -0.409 -0.398 -0.422
 1887     48     46     46     46     43     44     47     48     45     43     45     43
 1888 -0.603 -0.455 -0.543 -0.245 -0.349 -0.292 -0.308 -0.283 -0.218 -0.108 -0.189 -0.171 -0.312
 1888     43     46     44     47     44     43     45     46     43     44     43     44
 1889 -0.055 -0.097 -0.069  0.008 -0.083 -0.146 -0.196 -0.223 -0.382 -0.299 -0.400 -0.175 -0.173
 1889     44     44     42     41     42     42     40     43     41     40     40     42
 1890 -0.323 -0.359 -0.458 -0.320 -0.420 -0.378 -0.411 -0.419 -0.478 -0.506 -0.562 -0.402 -0.417
 1890     44     38     38     41     41     41     40     43     39     37     39     40
 1891 -0.507 -0.465 -0.369 -0.360 -0.202 -0.295 -0.329 -0.320 -0.202 -0.326 -0.541 -0.124 -0.335
 1891     39     39     37     37     40     39     36     36     35     34     41     39
 1892 -0.399 -0.121 -0.461 -0.483 -0.401 -0.466 -0.532 -0.447 -0.326 -0.440 -0.626 -0.792 -0.456
 1892     37     39     40     37     37     36     35     37     37     34     36     34
 1893 -0.959 -0.723 -0.373 -0.564 -0.558 -0.462 -0.279 -0.290 -0.439 -0.273 -0.417 -0.341 -0.473
 1893     36     37     39     38     37     35     36     40     40     38     36     36
 1894 -0.453 -0.378 -0.377 -0.381 -0.422 -0.492 -0.315 -0.341 -0.457 -0.441 -0.420 -0.407 -0.405
 1894     39     38     38     38     37     38     37     40     40     38     37     41
 1895 -0.494 -0.678 -0.522 -0.403 -0.415 -0.332 -0.350 -0.263 -0.284 -0.341 -0.297 -0.316 -0.390
 1895     41     38     38     36     39     40     37     42     40     42     39     41
 1896 -0.214 -0.225 -0.380 -0.342 -0.201 -0.118 -0.110 -0.064 -0.110 -0.128 -0.283 -0.030 -0.184
 1896     43     41     41     39     37     41     41     41     41     41     43     43
 1897 -0.200 -0.126 -0.274 -0.073 -0.034 -0.162 -0.162 -0.154 -0.138 -0.259 -0.455 -0.480 -0.208
 1897     40     40     38     41     44     41     40     42     44     42     41     41
 1898 -0.086 -0.377 -0.749 -0.572 -0.472 -0.319 -0.381 -0.306 -0.335 -0.559 -0.448 -0.357 -0.413
 1898     43     42     41     41     44     45     43     43     41     44     42     44
 1899 -0.214 -0.494 -0.544 -0.349 -0.312 -0.388 -0.276 -0.146 -0.136 -0.188  0.025 -0.444 -0.289
 1899     42     41     42     42     44     44     43     45     46     42     43     44
 1900 -0.246 -0.162 -0.282 -0.254 -0.270 -0.175 -0.190 -0.182 -0.225 -0.060 -0.257 -0.080 -0.198
 1900     43     40     39     38     41     40     41     42     42     42     43     44
 1901 -0.176 -0.270 -0.242 -0.191 -0.195 -0.156 -0.189 -0.195 -0.347 -0.299 -0.441 -0.437 -0.261
 1901     46     47     45     45     42     42     41     45     45     45     44     44
 1902 -0.237 -0.266 -0.389 -0.452 -0.400 -0.442 -0.392 -0.369 -0.363 -0.482 -0.531 -0.521 -0.404
 1902     47     45     47     46     48     48     49     50     47     47     48     47
 1903 -0.264 -0.201 -0.355 -0.472 -0.464 -0.546 -0.495 -0.589 -0.525 -0.654 -0.627 -0.596 -0.482
 1903     46     48     47     47     48     51     50     50     50     47     47     51
 1904 -0.634 -0.590 -0.655 -0.554 -0.530 -0.519 -0.523 -0.474 -0.478 -0.476 -0.381 -0.409 -0.519
 1904     49     48     49     46     48     48     48     50     49     50     49     51
 1905 -0.460 -0.700 -0.463 -0.552 -0.344 -0.321 -0.298 -0.303 -0.316 -0.363 -0.221 -0.195 -0.377
 1905     48     48     48     48     50     49     51     50     48     49     53     50
 1906 -0.070 -0.232 -0.287 -0.112 -0.334 -0.295 -0.321 -0.320 -0.385 -0.352 -0.428 -0.280 -0.284
 1906     50     53     50     50     51     54     51     54     49     48     50     51
 1907 -0.433 -0.510 -0.334 -0.505 -0.557 -0.525 -0.405 -0.457 -0.406 -0.358 -0.580 -0.531 -0.466
 1907     54     50     48     50     50     51     52     53     54     49     54     54
 1908 -0.409 -0.412 -0.629 -0.546 -0.472 -0.475 -0.472 -0.533 -0.458 -0.580 -0.598 -0.568 -0.511
 1908     49     52     53     53     52     50     51     53     49     53     53     55
 1909 -0.575 -0.534 -0.685 -0.603 -0.585 -0.514 -0.578 -0.318 -0.400 -0.478 -0.425 -0.589 -0.523
 1909     54     53     53     54     52     54     57     55     54     56     54     56
 1910 -0.351 -0.513 -0.484 -0.450 -0.470 -0.484 -0.467 -0.438 -0.439 -0.479 -0.652 -0.666 -0.491
 1910     56     55     52     51     54     55     53     55     54     57     56     55
 1911 -0.550 -0.758 -0.694 -0.715 -0.600 -0.569 -0.516 -0.500 -0.510 -0.464 -0.373 -0.292 -0.543
 1911     59     58     57     55     54     53     56     59     50     54     54     55
 1912 -0.361 -0.292 -0.381 -0.338 -0.375 -0.314 -0.456 -0.561 -0.558 -0.639 -0.516 -0.482 -0.437
 1912     55     55     55     56     56     55     57     57     55     56     55     56
 1913 -0.454 -0.505 -0.537 -0.432 -0.510 -0.507 -0.436 -0.393 -0.425 -0.427 -0.267 -0.234 -0.425
 1913     58     62     62     57     59     61     60     61     61     63     59     59
 1914 -0.082 -0.216 -0.329 -0.387 -0.280 -0.286 -0.335 -0.216 -0.261 -0.151 -0.178 -0.246 -0.245
 1914     59     60     60     59     58     58     56     56     47     49     51     50
 1915 -0.116 -0.054 -0.193 -0.049 -0.208 -0.222 -0.112 -0.070 -0.134 -0.258 -0.134 -0.248 -0.147
 1915     49     48     48     49     48     47     49     49     49     48     46     50
 1916 -0.233 -0.176 -0.401 -0.336 -0.355 -0.476 -0.381 -0.344 -0.336 -0.398 -0.570 -0.620 -0.382
 1916     49     50     49     48     50     47     48     52     49     49     49     48
 1917 -0.680 -0.756 -0.829 -0.475 -0.654 -0.347 -0.119 -0.216 -0.123 -0.385 -0.389 -0.622 -0.463
 1917     49     46     48     47     46     47     45     46     47     49     45     44
 1918 -0.501 -0.512 -0.440 -0.488 -0.427 -0.332 -0.338 -0.359 -0.239 -0.095 -0.038 -0.223 -0.331
 1918     47     47     47     43     41     43     44     46     43     42     40     42
 1919 -0.095 -0.080 -0.303 -0.076 -0.263 -0.250 -0.363 -0.328 -0.230 -0.303 -0.535 -0.457 -0.272
 1919     42     43     42     43     47     47     46     46     46     46     49     47
 1920 -0.236 -0.419 -0.111 -0.256 -0.189 -0.211 -0.287 -0.227 -0.130 -0.225 -0.282 -0.341 -0.241
 1920     46     48     47     46     49     46     49     50     47     51     49     52
 1921 -0.136 -0.180 -0.249 -0.223 -0.202 -0.120 -0.140 -0.280 -0.163 -0.140 -0.300 -0.146 -0.187
 1921     54     54     54     54     54     53     53     57     54     55     55     56
 1922 -0.396 -0.276 -0.268 -0.234 -0.377 -0.324 -0.226 -0.347 -0.280 -0.324 -0.287 -0.301 -0.301
 1922     56     60     58     57     56     58     59     61     60     57     61     60
 1923 -0.228 -0.409 -0.405 -0.356 -0.318 -0.242 -0.351 -0.378 -0.322 -0.267 -0.018 -0.006 -0.272
 1923     62     60     63     59     60     62     62     63     62     61     60     60
 1924 -0.313 -0.200 -0.269 -0.281 -0.240 -0.216 -0.263 -0.277 -0.280 -0.310 -0.359 -0.524 -0.292
 1924     61     63     62     59     63     60     62     63     63     58     61     59
 1925 -0.399 -0.302 -0.222 -0.275 -0.257 -0.257 -0.218 -0.128 -0.188 -0.305 -0.054  0.006 -0.214
 1925     62     63     60     62     61     59     61     61     59     60     63     61
 1926  0.089 -0.042 -0.023 -0.173 -0.214 -0.088 -0.235 -0.085 -0.102 -0.084 -0.109 -0.232 -0.105
 1926     63     62     62     60     61     61     62     61     62     64     62     61
 1927 -0.254 -0.144 -0.324 -0.256 -0.256 -0.236 -0.144 -0.142 -0.132 -0.040 -0.173 -0.425 -0.208
 1927     61     65     66     66     66     65     64     67     65     64     66     64
 1928 -0.050 -0.138 -0.338 -0.253 -0.282 -0.342 -0.164 -0.174 -0.220 -0.165 -0.151 -0.236 -0.206
 1928     62     63     62     64     65     62     64     66     64     63     64     64
 1929 -0.480 -0.662 -0.408 -0.387 -0.387 -0.348 -0.360 -0.188 -0.264 -0.177 -0.071 -0.470 -0.348
 1929     63     64     64     64     64     66     63     66     62     64     63     63
 1930 -0.326 -0.288 -0.153 -0.189 -0.197 -0.162 -0.120 -0.055 -0.076 -0.089  0.081 -0.069 -0.134
 1930     62     63     62     62     64     62     62     66     61     63     62     63
 1931 -0.001 -0.147 -0.119 -0.178 -0.161 -0.034  0.007 -0.048 -0.047 -0.040 -0.147 -0.100 -0.083
 1931     63     64     64     64     64     63     62     62     62     61     64     64
 1932  0.162 -0.192 -0.240 -0.063 -0.168 -0.192 -0.129 -0.198 -0.039 -0.171 -0.227 -0.192 -0.134
 1932     65     65     65     65     66     64     63     63     64     65     62     66
 1933 -0.284 -0.316 -0.340 -0.216 -0.212 -0.260 -0.185 -0.176 -0.234 -0.195 -0.306 -0.525 -0.267
 1933     64     62     64     63     61     59     62     65     64     63     66     64
 1934 -0.216 -0.163 -0.388 -0.246 -0.079 -0.041 -0.065 -0.059 -0.097 -0.085  0.025 -0.133 -0.127
 1934     66     63     67     64     64     60     64     64     64     64     65     67
 1935 -0.225  0.104 -0.225 -0.264 -0.241 -0.185 -0.141 -0.152 -0.139 -0.074 -0.293 -0.259 -0.172
 1935     65     66     67     65     64     66     66     69     67     68     68     68
 1936 -0.298 -0.356 -0.295 -0.201 -0.149 -0.162 -0.020 -0.042 -0.104 -0.000 -0.065 -0.008 -0.140
 1936     71     71     71     69     68     69     67     71     70     69     68     69
 1937 -0.127  0.037 -0.270 -0.125 -0.077 -0.009  0.050  0.084  0.113  0.123  0.007 -0.097 -0.022
 1937     69     69     70     68     66     69     71     70     67     67     68     67
 1938  0.020  0.023  0.065  0.084 -0.088 -0.060 -0.046  0.012  0.058  0.147  0.020 -0.289 -0.003
 1938     69     68     71     67     67     67     68     69     67     66     67     68
 1939 -0.070 -0.042 -0.256 -0.093 -0.027  0.064  0.051  0.039 -0.074 -0.272 -0.121  0.224 -0.047
 1939     68     69     69     67     67     66     65     63     57     55     57     58
 1940 -0.181 -0.039 -0.114  0.057  0.022  0.033  0.142  0.048  0.124  0.010 -0.062  0.162  0.018
 1940     58     56     56     54     59     57     59     62     56     56     57     56
 1941 -0.093 -0.018 -0.139  0.019 -0.022  0.121  0.115  0.017 -0.128  0.221  0.054  0.093  0.020
 1941     59     60     61     59     58     62     62     65     61     63     62     49
 1942  0.211 -0.079 -0.087 -0.063 -0.012  0.035 -0.077 -0.066  0.005 -0.077 -0.070  0.011 -0.024
 1942     55     59     59     57     55     54     54     56     53     52     56     52
 1943 -0.203  0.069 -0.199  0.006 -0.017 -0.096 -0.006 -0.009 -0.015  0.239  0.026  0.195 -0.000
 1943     51     53     54     50     51     51     50     54     54     52     51     54
 1944  0.288  0.138  0.141  0.054  0.062  0.150  0.218  0.234  0.298  0.213  0.011 -0.018  0.149
 1944     57     58     58     58     55     56     55     56     55     54     54     52
 1945 -0.000 -0.091 -0.043  0.168 -0.108 -0.002 -0.087  0.360  0.161  0.183 -0.009 -0.206  0.027
 1945     55     55     53     51     51     52     49     51     47     49     52     53
 1946  0.095  0.040 -0.060  0.135 -0.117 -0.263 -0.050 -0.152 -0.011 -0.053 -0.092 -0.356 -0.072
 1946     51     53     52     56     56     53     59     62     55     57     59     62
 1947 -0.111 -0.178 -0.066  0.093 -0.060  0.004 -0.007 -0.041 -0.072  0.080  0.043 -0.172 -0.038
 1947     59     63     60     60     59     58     62     63     59     57     61     61
 1948  0.087 -0.123 -0.178 -0.041  0.110  0.069 -0.110 -0.002 -0.054  0.027 -0.049 -0.200 -0.037
 1948     60     62     61     61     58     59     63     62     59     60     61     60
 1949  0.151 -0.149 -0.175  0.007 -0.045 -0.187 -0.092 -0.037 -0.071 -0.031 -0.077 -0.185 -0.072
 1949     68     67     69     68     66     66     67     68     68     67     68     69
 1950 -0.326 -0.244 -0.178 -0.168 -0.089 -0.074 -0.044 -0.113 -0.105 -0.128 -0.389 -0.249 -0.172
 1950     70     70     73     68     69     66     69     70     69     67     69     73
 1951 -0.353 -0.461 -0.292 -0.104 -0.015  0.034  0.045  0.137  0.092  0.133 -0.037  0.178 -0.051
 1951     73     72     72     69     68     68     69     72     71     71     72     75
 1952  0.185  0.133 -0.129  0.056  0.042  0.040  0.099  0.094  0.099 -0.006 -0.186 -0.059  0.031
 1952     74     76     74     73     71     72     71     73     71     72     71     73
 1953  0.065  0.143  0.127  0.196  0.140  0.166  0.051  0.097  0.077  0.075 -0.070  0.091  0.097
 1953     76     75     74     70     72     70     71     72     71     72     72     73
 1954 -0.235 -0.084 -0.152 -0.146 -0.206 -0.129 -0.198 -0.092 -0.086 -0.033  0.023 -0.232 -0.129
 1954     73     72     74     71     72     72     71     74     73     73     72     73
 1955  0.127 -0.166 -0.404 -0.245 -0.236 -0.167 -0.198 -0.062 -0.116 -0.165 -0.315 -0.337 -0.190
 1955     74     74     75     72     71     71     70     73     73     72     74     78
 1956 -0.245 -0.349 -0.313 -0.334 -0.281 -0.226 -0.210 -0.246 -0.283 -0.233 -0.261 -0.205 -0.266
 1956     76     78     79     74     73     74     73     73     75     76     76     78
 1957 -0.163 -0.128 -0.186 -0.061  0.050  0.086  0.004  0.096  0.039 -0.012  0.055  0.152 -0.004
 1957     80     79     80     77     74     74     74     76     75     77     77     79
 1958  0.269  0.183 -0.002  0.038  0.034 -0.015  0.041  0.007 -0.053  0.015  0.008  0.030  0.046
 1958     79     80     80     78     76     75     76     77     75     76     78     78
 1959  0.089  0.031  0.080  0.048 -0.013  0.065  0.030  0.047  0.040 -0.033 -0.109 -0.071  0.017
 1959     80     83     82     77     75     75     76     77     78     77     78     81
 1960 -0.031  0.102 -0.316 -0.178 -0.156 -0.029 -0.028  0.009  0.063 -0.025 -0.149  0.146 -0.049
 1960     81     81     82     80     78     75     78     77     78     77     80     81
 1961  0.050  0.182  0.096  0.098  0.087  0.110  0.019  0.034 -0.027 -0.031 -0.018 -0.114  0.040
 1961     83     84     83     80     79     79     78     81     79     80     83     82
 1962  0.055  0.137  0.029  0.026 -0.045 -0.053  0.017 -0.003 -0.014  0.045  0.013 -0.011  0.016
 1962     85     85     85     81     79     79     78     80     80     80     81     82
 1963 -0.045  0.150 -0.146 -0.067 -0.021 -0.034  0.110  0.128  0.129  0.225  0.161 -0.007  0.049
 1963     85     83     82     82     79     78     77     79     80     79     81     84
 1964 -0.053 -0.127 -0.279 -0.247 -0.176 -0.159 -0.172 -0.256 -0.283 -0.267 -0.297 -0.353 -0.223
 1964     86     85     84     82     79     79     79     80     82     81     82     85
 1965 -0.105 -0.247 -0.218 -0.255 -0.162 -0.110 -0.179 -0.107 -0.090 -0.025 -0.135 -0.065 -0.140
 1965     83     84     84     82     80     79     79     80     81     82     83     85
 1966 -0.095 -0.094 -0.066 -0.107 -0.140  0.036  0.031 -0.019 -0.039 -0.106 -0.095 -0.137 -0.069
 1966     86     85     84     81     81     79     79     79     82     81     82     82
 1967 -0.167 -0.235 -0.048 -0.063  0.077 -0.083 -0.064 -0.063 -0.096  0.060 -0.061 -0.148 -0.074
 1967     86     86     85     82     81     81     80     81     80     80     82     84
 1968 -0.240 -0.213  0.039 -0.169 -0.221 -0.107 -0.102 -0.057 -0.086 -0.020 -0.071 -0.109 -0.112
 1968     86     85     85     83     82     81     81     82     81     81     82     84
 1969 -0.168 -0.167 -0.005  0.105  0.132  0.024  0.038  0.053  0.017  0.027  0.132  0.196  0.031
 1969     88     86     83     83     82     81     82     82     83     82     84     86
 1970  0.073  0.145 -0.068  0.056 -0.035 -0.014 -0.049 -0.092 -0.040 -0.075 -0.049 -0.164 -0.027
 1970     88     86     87     84     83     82     82     82     82     82     83     86
 1971 -0.098 -0.291 -0.283 -0.238 -0.214 -0.234 -0.131 -0.169 -0.124 -0.165 -0.084 -0.200 -0.187
 1971     86     87     86     84     80     81     83     82     83     84     83     86
 1972 -0.377 -0.290 -0.133 -0.079 -0.065  0.006 -0.021  0.015 -0.055  0.005 -0.001  0.185 -0.067
 1972     88     88     86     84     81     82     82     81     82     84     84     87
 1973  0.147  0.278  0.225  0.160  0.086  0.109  0.026  0.016 -0.043 -0.046 -0.098 -0.113  0.062
 1973     88     88     86     83     83     84     83     85     82     83     85     87
 1974 -0.373 -0.407 -0.231 -0.180 -0.196 -0.153 -0.127 -0.082 -0.130 -0.219 -0.212 -0.237 -0.213
 1974     89     88     87     84     83     81     82     83     82     83     83     87
 1975 -0.073 -0.092 -0.076 -0.091 -0.085 -0.085 -0.110 -0.179 -0.126 -0.234 -0.315 -0.306 -0.147
 1975     86     87     84     84     83     82     81     83     83     81     83     85
 1976 -0.232 -0.328 -0.441 -0.192 -0.316 -0.249 -0.185 -0.203 -0.163 -0.316 -0.177 -0.086 -0.240
 1976     85     86     85     84     82     81     81     83     81     83     83     85
 1977 -0.076  0.076  0.101  0.095  0.071  0.110  0.062 -0.003  0.033 -0.006  0.140 -0.054  0.046
 1977     87     87     86     84     82     83     82     84     83     83     85     87
 1978  0.014 -0.038  0.027 -0.063 -0.086 -0.136 -0.066 -0.185 -0.053 -0.112  0.047 -0.101 -0.063
 1978     87     87     87     85     83     81     82     82     82     82     82     88
 1979 -0.035 -0.140  0.015 -0.047 -0.029  0.059  0.054  0.081  0.094  0.133  0.149  0.356  0.058
 1979     91     90     89     89     89     88     88     87     86     86     87     90
 1980  0.134  0.220  0.072  0.144  0.142  0.072  0.059  0.038  0.038  0.011  0.130  0.057  0.093
 1980     89     90     89     87     85     85     84     84     83     84     85     89
 1981  0.334  0.198  0.207  0.129  0.067  0.125  0.091  0.122  0.073  0.004  0.074  0.266  0.140
 1981     88     89     89     85     83     83     83     84     83     85     86     87
 1982 -0.046  0.006 -0.127  0.027  0.040 -0.056 -0.018 -0.009  0.074  0.004 -0.010  0.252  0.011
 1982     88     90     90     87     83     82     83     83     83     84     86     87
 1983  0.429  0.310  0.213  0.116  0.136  0.136  0.151  0.200  0.189  0.098  0.254  0.086  0.193
 1983     89     91     89     87     84     84     84     85     85     85     85     87
 1984  0.121  0.018  0.048 -0.046  0.091 -0.014 -0.035  0.040  0.033 -0.021 -0.122 -0.275 -0.013
 1984     90     90     88     86     84     85     83     86     84     85     87     87
 1985  0.010 -0.135 -0.025 -0.039 -0.003 -0.060 -0.060  0.027 -0.031  0.020 -0.074  0.014 -0.030
 1985     89     89     89     87     86     85     88     87     86     87     87     91
 1986  0.124  0.090  0.076  0.080  0.045  0.050 -0.003  0.002  0.011  0.065 -0.006  0.010  0.046
 1986     89     90     89     89     86     85     86     86     86     87     87     88
 1987  0.111  0.299  0.021  0.094  0.147  0.127  0.269  0.236  0.271  0.202  0.196  0.320  0.191
 1987     90     91     89     87     86     86     87     87     86     86     87     89
 1988  0.388  0.232  0.265  0.226  0.211  0.221  0.175  0.178  0.186  0.140  0.027  0.149  0.199
 1988     89     91     89     88     85     86     85     86     86     86     86     87
 1989  0.013  0.149  0.137  0.081  0.078  0.077  0.157  0.178  0.142  0.150  0.059  0.203  0.118
 1989     89     90     89     87     86     85     85     84     85     86     86     88
 1990  0.217  0.307  0.560  0.368  0.277  0.277  0.230  0.250  0.176  0.332  0.317  0.247  0.296
 1990     87     89     87     87     87     85     84     85     84     84     85     86
 1991  0.289  0.294  0.193  0.386  0.302  0.305  0.308  0.259  0.243  0.185  0.158  0.128  0.254
 1991     86     87     87     84     84     84     83     84     83     83     84     85
 1992  0.370  0.316  0.258  0.140  0.178  0.125 -0.018  0.004 -0.062 -0.053 -0.090  0.079  0.103
 1992     87     86     86     84     84     82     81     83     83     83     85     86
 1993  0.307  0.253  0.240  0.131  0.179  0.177  0.133  0.094  0.062  0.099 -0.041  0.122  0.145
 1993     86     86     86     85     82     82     82     84     83     82     84     85
 1994  0.179 -0.052  0.222  0.209  0.271  0.264  0.168  0.181  0.186  0.309  0.308  0.244  0.206
 1994     86     86     85     83     82     81     82     83     83     84     84     85
 1995  0.420  0.597  0.325  0.285  0.216  0.307  0.325  0.355  0.252  0.330  0.319  0.124  0.321
 1995     86     86     87     86     84     84     85     85     85     85     85     86
 1996  0.109  0.321  0.184  0.129  0.219  0.170  0.220  0.203  0.098  0.133  0.145  0.230  0.180
 1996     87     86     86     85     84     85     84     84     84     84     84     85
 1997  0.208  0.317  0.348  0.271  0.287  0.403  0.366  0.438  0.474  0.554  0.496  0.505  0.389
 1997     86     86     86     84     85     84     84     85     84     84     84     85
 1998  0.485  0.761  0.557  0.638  0.574  0.594  0.672  0.599  0.391  0.401  0.297  0.473  0.536
 1998     86     86     86     84     84     83     84     84     83     83     83     85
 1999  0.347  0.588  0.228  0.325  0.244  0.273  0.288  0.222  0.297  0.252  0.235  0.382  0.306
 1999     85     85     84     83     83     82     82     84     83     84     83     85
 2000  0.225  0.454  0.381  0.478  0.279  0.274  0.260  0.357  0.305  0.222  0.160  0.155  0.293
 2000     87     86     85     84     82     82     81     83     82     82     82     84
 2001  0.365  0.325  0.512  0.450  0.414  0.428  0.461  0.500  0.421  0.417  0.609  0.373  0.439
 2001     84     85     85     83     82     82     83     84     82     83     83     84
 2002  0.663  0.705  0.700  0.464  0.426  0.477  0.489  0.449  0.420  0.406  0.450  0.325  0.497
 2002     85     86     86     84     84     83     82     83     83     84     85     85
 2003  0.599  0.453  0.460  0.436  0.478  0.459  0.479  0.550  0.538  0.611  0.457  0.592  0.508
 2003     85     85     86     85     84     84     84     85     85     84     85     88
 2004  0.501  0.610  0.527  0.479  0.311  0.327  0.361  0.397  0.440  0.469  0.601  0.357  0.448
 2004     86     87     86     86     86     86     85     86     86     85     87     88
 2005  0.549  0.395  0.560  0.605  0.521  0.550  0.548  0.541  0.565  0.607  0.628  0.472  0.544
 2005     87     87     85     83     83     84     84     85     85     84     85     86
 2006  0.386  0.563  0.460  0.406  0.402  0.522  0.486  0.531  0.499  0.561  0.542  0.698  0.505
 2006     86     87     87     85     84     85     86     85     86     86     85     86
 2007  0.834  0.560  0.524  0.579  0.448  0.417  0.439  0.440  0.456  0.476  0.385  0.347  0.492
 2007     86     86     86     85     85     85     85     86     86     85     86     87
 2008  0.168  0.241  0.548  0.329  0.337  0.364  0.448  0.431  0.407  0.545  0.523  0.386  0.394
 2008     87     88     88     87     86     86     86     87     86     87     86     87
 2009  0.483  0.439  0.405  0.514  0.445  0.552  0.539  0.592  0.565  0.517  0.547  0.476  0.506
 2009     86     86     86     84     85     85     85     87     85     85     86     87
 2010  0.561  0.576  0.675  0.680  0.590  0.586  0.618  0.542  0.439  0.493  0.590  0.340  0.556
 2010     86     87     87     86     86     87     87     88     87     87     87     87
 2011  0.312  0.326  0.423  0.479  0.386  0.488  0.508  0.488  0.452  0.454  0.348  0.400  0.421
 2011     87     87     86     85     85     84     84     85     85     85     85     85
 2012  0.303  0.297  0.360  0.573  0.573  0.558  0.508  0.537  0.552  0.551  0.549  0.272  0.469
 2012     86     86     84     83     81     81     81     84     83     83     84     84
 2013  0.466  0.496  0.419  0.449  0.524  0.496  0.517  0.542  0.545  0.510  0.657  0.530  0.512
 2013     84     84     84     80     80     79     80     81     80     80     81     82
 2014  0.523  0.321  0.582  0.665  0.605  0.623  0.544  0.675  0.597  0.632  0.498  0.651  0.575
 2014     83     83     81     82     79     81     83     84     82     83     83     84
 2015  0.705  0.688  0.703  0.667  0.707  0.740  0.696  0.738  0.792  0.837  0.836  1.024  0.760
 2015     85     84     85     82     83     84     84     85     84     85     85     86
 2016  0.906  1.070  1.069  0.915  0.688  0.731  0.728  0.770  0.711  0.584  0.525  0.597  0.773
 2016     85     86     84     84     83     84     83     84     84     84     84     83
 2017  0.740  0.842  0.875  0.740  0.000  0.000  0.000  0.000  0.000  0.000  0.000  0.000  0.799
 2017     84     85     82     80      0      0      0      0      0      0      0      0
